Easy:
003900051
546018300
000007420
009050030
200603004
080070200
097300000
001820947
850004600

Medium: 
045100000
000030008
000020073
029700004
000000000
800001360
180060000
700050000
000004690

hard:
000840009
001000005
800021460
708000090
000000000
050000301
024910007
900000500
300084000

Very hard:
860020000
000700059
000000000
000060800
040000000
005300007
000000000
020000600
007509000

020000007
070004010
905000000
080630002
700000001
200018060
000000409
030100020
400000080

000000010
400000000
020000000
000050407
008000300
001090000
300400200
050100000
000806000

000000078
012300009
045600000
078900000
000000000
000001230
000004560
300007890
260000000

